图书C1类
正在读取Sheet3
b的值为878
c的值为2.4296630326957507
d1的值为0.9988616312823724
p的值为[-121.43126280661359, 176.85010932331593, -158.9006030913395, -693.3930338995042, -982.5196570862788, -1003.2966240387383, -517.7213721910704, -707.8442070966772, -736.0661796891038, -1490.3129821409634, -1132.0806630714374, 915.436287875426]
h的值为[0, 0, 0, 0, 0, 0, 0, 0, 0, 0, 0, 0]
w的值为[4868, 4989.431262806614, 4812.581153483297, 4971.481756574637, 5664.874790474141, 6647.39444756042, 7650.691071599158, 8168.412443790228, 8876.256650886906, 9612.32283057601, 11102.635812716973, 12234.716475788411]
s的值为0.0
总的利润y=-5891.295401704642

图书C2类
正在读取Sheet3
b的值为756
c的值为1.1040769755896063
d1的值为0.9707658854795844
p的值为[299.71261966847516, 365.66612306762215, 86.69277538179058, -166.34759031303756, -527.2228008611569, -188.32130608532776, -537.8130683486514, -489.4112875854087, -637.6849733103583, -288.5834665232989, -730.34723548764, -703.6516333190937]
h的值为[0, 0, 0, 0, 0, 0, 0, 0, 0, 0, 0, 0]
w的值为[2701, 2401.2873803315247, 2035.6212572639026, 1948.928481882112, 2115.2760721951495, 2642.4988730563064, 2830.820179141634, 3368.6332474902856, 3858.0445350756945, 4495.729508386053, 4784.312974909351, 5514.660210396991]
s的值为0.0
总的利润y=-4379.577547772515

图书C3类
正在读取Sheet3
b的值为149
c的值为1.0821359695587955
d1的值为0.7140280561122245
p的值为[21.1250031610372, -431.23987768078905, 408.74827501964177, 530.9564536134093, -380.8290591204238, 654.83705669195, -858.0497717244942, 1171.3082971877702, 496.1141327385492, -1492.1663097196824, -413.0529790169309, 108.57929970122696]
h的值为[0, 0, 0, 0, 0, 0, 0, 0, 0, 0, 0, 0]
w的值为[4138, 4116.874996838963, 4548.1148745197515, 4139.36659950011, 3608.410145886701, 3989.2392050071244, 3334.4021483151746, 4192.451920039669, 3021.1436228518987, 2525.0294901133493, 4017.1957998330317, 4430.248778849963]
s的值为0.0
总的利润y=1703.9495985902358

图书C4类
正在读取Sheet4
b的值为787
c的值为1.5908741011868235
d1的值为0.9306681576740286
p的值为[590.2060212130285, -332.60646346990416, 606.2069702020647, -329.5405069465204, 343.0984741073316, -190.4523987414333, 48.441408028607384, -290.40423421853666, -304.2956385100893, -604.3670966798396, 333.89498483507936, -1151.2780968495272]
h的值为[0, 0, 0, 0, 0, 0, 0, 0, 0, 0, 0, 0]
w的值为[4141, 3550.7939787869714, 3883.4004422568755, 3277.193472054811, 3606.733979001331, 3263.6355048939995, 3454.087903635433, 3405.6464956068257, 3696.0507298253624, 4000.3463683354516, 4604.713465015291, 4270.818480180212]
s的值为0.0
总的利润y=-14522.007239371707

图书C5类
正在读取Sheet4
b的值为292
c的值为2.9979847300375924
d1的值为0.9544213649851632
p的值为[-3125.9339715379188, 1135.776549400834, -3468.4842444756323, -4916.126610423039, -6393.258408084834, -1021.4666394274534, -776.281947887503, -6694.521415666305, -668.4952170236039, -2509.285885179628, -2801.9669809103207, -6479.5665955260365]
h的值为[0, 0, 0, 0, 0, 0, 0, 0, 0, 0, 0, 0]
w的值为[3215, 6340.933971537919, 5205.157422137085, 8673.641666612717, 13589.768277035757, 19983.02668512059, 21004.493324548042, 21780.775272435545, 28475.29668810185, 29143.791905125454, 31653.077790305084, 34455.044771215405]
s的值为0.0
总的利润y=-3299.9154982387254

图书C6类
正在读取Sheet4
b的值为780
c的值为2.212717570148325
d1的值为0.9099977329403763
p的值为[127.2701682460978, -1047.424088216403, -162.20672496296942, -433.863426449701, 773.9502519751122, -691.6933819633947, -956.0169810224465, -438.495624450401, -174.84205680701132, -11.858616760467385, -198.66630141817043, -282.545228929681]
h的值为[0, 0, 0, 0, 0, 0, 0, 0, 0, 0, 0, 0]
w的值为[5800, 5672.7298317539025, 6720.153919970306, 6882.360644933275, 7316.224071382976, 6542.273819407863, 7233.967201371258, 8189.984182393704, 8628.479806844105, 8803.321863651117, 8815.180480411585, 9013.846781829754]
s的值为0.0
总的利润y=-14006.54425658164

图书C7类
正在读取Sheet5
b的值为708
c的值为1.820473902615348
d1的值为0.9417185256103399
p的值为[-3802.2678213930785, 184.4708497327934, 4437.8594575300995, 2739.107120097547, 2926.122676629893, -1067.2054818783708, -3520.703240409157, -1145.8536683424875, -3662.458166869368, 3584.9007099633814, 587.3471917756156, 3709.694265346876]
h的值为[0, 0, 0, 0, 0, 0, 0, 0, 0, 0, 0, 0]
w的值为[15055, 18857.267821393078, 18672.796971660286, 14234.937514130186, 11495.830394032639, 8569.707717402745, 9636.913199281116, 13157.616439690273, 14303.470108032761, 17965.92827490213, 14381.027564938748, 13793.680373163132]
s的值为0.0
总的利润y=3172.897989435396

图书C8类
正在读取Sheet5
b的值为49
c的值为1.2900462448294463
d1的值为0.9569890806512861
p的值为[-2718.11967745011, -3925.748322569515, 4287.263828704445, 3316.71328699201, 730.8697142916858, -676.5841233035512, 6344.716898779995, 1130.9706101259305, -1589.1575527807695, 6343.237008168884, 867.2908475539701, -4252.669347643923]
h的值为[0, 0, 0, 0, 0, 0, 0, 0, 0, 0, 0, 0]
w的值为[17589, 20307.11967745011, 24232.868000019625, 19945.60417131518, 16628.89088432317, 15898.021170031485, 16574.605293335037, 10229.88839455504, 9098.91778442911, 10688.075337209879, 4344.838329040995, 3477.547481487025]
s的值为0.0
总的利润y=3528.8171347108982

图书C9类
正在读取Sheet5
b的值为281
c的值为1.6533200177546559
d1的值为0.6277506112469439
p的值为[-300.5195194682165, -445.2925826889083, -1013.6685171348954, -727.4476721597167, 1832.3365747549483, 1316.1624274039725, 81.43055921825498, 900.6196275970632, -1294.5610963407928, 604.333141539285, 65.30080432499813, -828.0941610037307]
h的值为[0, 0, 0, 0, 0, 0, 0, 0, 0, 0, 0, 0]
w的值为[6547, 6847.5195194682165, 7292.812102157125, 8306.48061929202, 9033.928291451737, 7201.591716696788, 5885.429289292816, 5803.9987300745615, 4903.379102477498, 6197.940198818291, 5593.607057279006, 5528.3062529540075]
s的值为0.0
总的利润y=-703.6705260071717