图书B1-1
正在读取Sheet1
a的值为1
b的值为[3, 0, 0, 0, 0, 0, 0]
c的值为[2.418759938488347, 0, 0, 0, 0, 0, 0]
d的值为155.2639367750076
2021年每个月的销量p=[1417.8653028109397, -1766.2577718731084, -3015.0755859885658, 3557.0033727112623, 11557.218514007296, 8267.523206048918, 8198.819626591136, 6160.821434205444, 516.8815771904981, -335.45706128292653, -9417.666671081535, -2377.5890960614242]
2021年每个月的印刷量h=[0, 0, 0, 0, 0, 0, 0, 0, 0, 0, 0, 0]
目标函数值J=926.1168940815664

图书B1-2
正在读取Sheet1
a的值为7
b的值为[5, 6, 9, 4, 8, 3, 7]
c的值为[1.1015010521341746, 2.112014704718512, 2.429833257862594, 1.5516199260099055, 2.3988082728219196, 1.11123507524624, 2.021068665670975]
d的值为75.22575394690183
2021年每个月的销量p=[868.2757133565342, -1333.7329570013183, 622.0069900948279, 4325.446894361424, 3193.784471249154, -37.982623606599645, 1012.577451723008, 1204.8574015125505, -603.2534408348399, -1811.3145099937476, -558.5119199516228, 159.4737490140572]
2021年每个月的印刷量h=[0, 0, 0, 0, 0, 0, 0, 0, 0, 0, 0, 0]
目标函数值J=-55304.66002333688

图书B1-3
正在读取Sheet1
a的值为1
b的值为[3, 0, 0, 0, 0, 0, 0]
c的值为[1.7683652565184778, 0, 0, 0, 0, 0, 0]
d的值为179.01374003895202
2021年每个月的销量p=[1015.2848863986521, -1155.18936671696, 440.05855958205973, 2467.5031858245816, 1853.4001802207158, 2980.5442058617436, 2486.661239761538, 3307.6893637470566, -3100.7232352141764, -1772.3004222045445, -2066.1677093369153, 193.49981851586017]
2021年每个月的印刷量h=[0, 0, 0, 0, 0, 0, 0, 0, 0, 0, 0, 0]
目标函数值J=-12317.492724609994

图书B1-4
正在读取Sheet1
a的值为2
b的值为[5, 3, 0, 0, 0, 0, 0]
c的值为[2.1837987104104766, 2.607122724701001, 0, 0, 0, 0, 0]
d的值为39.913159656028164
2021年每个月的销量p=[198.1505831880454, -1180.4349666060743, -1540.1105500036974, 2037.7589084909714, 315.4200183786181, 2981.2723118361837, 200.3188875716187, 2411.7854408235607, 523.3790263336407, -33.61495706913786, 352.9760607623848, -1591.3958462850958]
2021年每个月的印刷量h=[0, 0, 0, 0, 0, 0, 0, 0, 0, 0, 0, 0]
目标函数值J=-36158.55709848705

图书B1-5
正在读取Sheet1
a的值为6
b的值为[5, 9, 3, 6, 4, 7, 0]
c的值为[1.0954562901104057, 1.2511892430493374, 1.62797254244194, 1.7802226249171422, 1.7563533685309707, 1.2477093674918553, 0]
d的值为4.428523362862266
2021年每个月的销量p=[61.91519916348304, 18.67166900898708, 738.3906885023006, 875.6442819425009, 1596.8348134032804, -621.1694968776744, 1984.1022011741663, 1122.4502380294307, 1325.4112386730856, -1561.9581658392292, 21.486285299241672, 469.2168233844782]
2021年每个月的印刷量h=[0, 0, 0, 0, 0, 0, 0, 0, 0, 0, 0, 0]
目标函数值J=-83005.09343744259

图书B2-1
正在读取Sheet2
a的值为3
b的值为[11, 12, 4, 0, 0, 0, 0]
c的值为[1.6164616566136005, 2.3744229722994836, 1.2365121354951414, 0, 0, 0, 0]
d的值为52.98068654336574
2021年每个月的销量p=[-4512.53792928007, -7505.097642870147, -1171.5765012034149, -2255.2469584935593, -2436.2953711188024, -400.88029365739703, -4892.522834955889, -3908.4970856431787, 11844.124183592021, 13084.852635493406, -1759.0657409675136, -855.347384852907]
2021年每个月的印刷量h=[0, 0, 0, 0, 0, 0, 0, 0, 0, 0, 0, 0]
目标函数值J=-14910.94664867702

图书B2-2
正在读取Sheet2
a的值为2
b的值为[4, 11, 0, 0, 0, 0, 0]
c的值为[1.2625163435183535, 1.0319032167771507, 0, 0, 0, 0, 0]
d的值为43.30893445028474
2021年每个月的销量p=[864.826704247943, -1975.706356306345, 388.7580879404038, 230.16810765683874, -1570.5658901601516, -214.03188194620049, 540.1735982569228, -240.0189529668562, 5191.2812167845705, 3194.854253730575, 250.17525659743137, 2917.2968184321944]
2021年每个月的印刷量h=[0, 0, 0, 0, 0, 0, 0, 0, 0, 0, 0, 0]
目标函数值J=-18589.576021388544

图书B2-3
正在读取Sheet2
a的值为1
b的值为[3, 0, 0, 0, 0, 0, 0]
c的值为[2.77612057524348, 0, 0, 0, 0, 0, 0]
d的值为99.83956267313808
2021年每个月的销量p=[2415.9933251438806, 150.88276436836713, -879.5760365111194, 1842.6583965157206, -3690.5247162606756, -2556.5598354777426, -1926.083742002072, 77.76158682379997, 10216.341291624965, 240.3405476599737, 807.6768185277546, -1707.707559819552]
2021年每个月的印刷量h=[0, 0, 0, 0, 0, 0, 0, 0, 0, 0, 0, 0]
目标函数值J=-35596.271729602486

图书B2-4
正在读取Sheet2
a的值为7
b的值为[1, 3, 11, 4, 2, 12, 10]
c的值为[1.5756281953841489, 1.838049993619165, 2.7909005155428064, 2.9448647531129453, 2.1869968697096294, 1.5505558499647083, 2.3379933283716086]
d的值为181.22318632776876
2021年每个月的销量p=[3877.7179713118157, -791.7794848096198, -110.25392339783372, 2877.3521938079625, 1155.7562339179265, 2871.801964487469, -2197.840936109084, 1507.8757619255377, 1018.2313766891374, 2726.2217005256994, -1054.0196055311255, -1016.9016349336412]
2021年每个月的印刷量h=[0, 0, 0, 0, 0, 0, 0, 0, 0, 0, 0, 0]
目标函数值J=-47989.23734781194

图书B2-5
正在读取Sheet2
a的值为2
b的值为[2, 11, 0, 0, 0, 0, 0]
c的值为[1.489118698439652, 2.206511350778487, 0, 0, 0, 0, 0]
d的值为62.893893807131626
2021年每个月的销量p=[615.8755242000034, 424.0518371259699, -828.6138195159181, 541.5220488331651, 913.3403031753184, 882.6619078775353, 143.41393326078403, -90.91109116292813, 1953.4243519227075, 3637.351332849271, 2711.6054391252637, 629.3031156449138]
2021年每个月的印刷量h=[0, 0, 0, 0, 0, 0, 0, 0, 0, 0, 0, 0]
目标函数值J=-62829.67764806232