3.1062e-02
1.8993e-02
1.6435e-02
1.6530e-02
1.5347e-02
1.5083e-02
1.4889e-02
1.4559e-02
1.5057e-02
1.4326e-02
1.4248e-02
1.4531e-02
1.4409e-02
1.3432e-02
1.4310e-02
1.4019e-02
1.3254e-02
1.3488e-02
1.3341e-02
1.3476e-02
1.2608e-02
1.2919e-02
1.3006e-02
1.3051e-02
1.3463e-02
1.3294e-02
1.2913e-02
1.2951e-02
1.2843e-02
1.2813e-02
1.2280e-02
1.3487e-02
1.2607e-02
1.2515e-02
1.2757e-02
1.2431e-02
1.2343e-02
1.2508e-02
1.3048e-02
1.2773e-02
1.3077e-02
1.2359e-02
1.2096e-02
1.2508e-02
1.2986e-02
1.2582e-02
1.2726e-02
1.2296e-02
1.2311e-02
1.1791e-02
1.1830e-02
1.2262e-02
1.2778e-02
1.2319e-02
1.2193e-02
1.2250e-02
1.2430e-02
1.2483e-02
1.2106e-02
1.2392e-02
1.2052e-02
1.2500e-02
1.1742e-02
1.1476e-02
1.1674e-02
1.1822e-02
1.1452e-02
1.2228e-02
1.1984e-02
1.1925e-02
1.1369e-02
1.1906e-02
1.1570e-02
1.2547e-02
1.1547e-02
1.1844e-02
1.1571e-02
1.1552e-02
1.1936e-02
1.2186e-02
1.2253e-02
1.1612e-02
1.1829e-02
1.1901e-02
1.1971e-02
1.1863e-02
1.1468e-02
1.1542e-02
1.1956e-02
1.1318e-02
1.0956e-02
1.1786e-02
1.1693e-02
1.1823e-02
1.1942e-02
1.1373e-02
1.1667e-02
1.1516e-02
1.0642e-02
1.1718e-02
