1.8876e-01
1.4828e-01
1.3370e-01
1.2358e-01
1.2044e-01
1.1496e-01
1.1347e-01
1.0876e-01
1.0634e-01
1.0273e-01
1.0399e-01
9.8409e-02
9.9365e-02
9.7249e-02
9.4310e-02
9.5520e-02
9.4548e-02
8.8332e-02
9.0506e-02
8.5434e-02
8.4635e-02
8.3933e-02
8.1975e-02
7.8162e-02
8.1835e-02
7.8952e-02
7.9494e-02
7.8494e-02
7.3206e-02
7.6511e-02
7.5376e-02
7.6168e-02
7.4272e-02
7.2199e-02
6.8046e-02
7.2510e-02
6.9411e-02
6.7945e-02
6.3224e-02
6.9967e-02
6.7177e-02
7.1507e-02
6.1628e-02
6.7750e-02
6.0226e-02
6.3320e-02
5.7301e-02
6.0004e-02
5.8414e-02
5.4590e-02
5.8473e-02
5.5677e-02
5.2800e-02
5.8344e-02
5.1246e-02
5.8665e-02
5.2645e-02
5.0644e-02
4.9509e-02
4.9169e-02
5.1287e-02
5.3531e-02
5.2868e-02
5.0999e-02
5.3994e-02
5.3088e-02
5.1618e-02
5.1214e-02
4.4519e-02
4.7516e-02
5.0703e-02
5.1716e-02
4.5146e-02
4.5377e-02
4.3704e-02
4.7505e-02
4.7387e-02
4.5845e-02
4.6992e-02
4.4619e-02
4.2988e-02
4.4811e-02
4.1947e-02
4.2349e-02
4.0578e-02
4.7835e-02
4.2207e-02
4.4281e-02
4.2943e-02
4.3677e-02
4.3153e-02
3.8563e-02
4.4491e-02
4.1276e-02
4.0799e-02
4.0311e-02
4.2277e-02
3.7563e-02
4.0840e-02
3.7288e-02
