2.2450e-01
2.0128e-01
1.9160e-01
1.8170e-01
1.7640e-01
1.6955e-01
1.6178e-01
1.5869e-01
1.5409e-01
1.4999e-01
1.4533e-01
1.4404e-01
1.3391e-01
1.3201e-01
1.2996e-01
1.2627e-01
1.2250e-01
1.1626e-01
1.1352e-01
1.1392e-01
1.0642e-01
1.0693e-01
1.0724e-01
1.0268e-01
1.0431e-01
1.0146e-01
9.8468e-02
9.4755e-02
9.3155e-02
9.1225e-02
9.2153e-02
8.8937e-02
8.8515e-02
8.2723e-02
8.8535e-02
7.9875e-02
8.1360e-02
8.0235e-02
7.9919e-02
7.8567e-02
7.8499e-02
7.7867e-02
6.7346e-02
7.0458e-02
7.0798e-02
7.1722e-02
7.1324e-02
6.7371e-02
6.8582e-02
6.5682e-02
6.8700e-02
6.3135e-02
6.5277e-02
6.3938e-02
6.0516e-02
5.9906e-02
5.9872e-02
5.8623e-02
6.3280e-02
6.2454e-02
5.9743e-02
5.2580e-02
6.0983e-02
5.9982e-02
5.7420e-02
5.2195e-02
5.5001e-02
5.2527e-02
5.3331e-02
4.9033e-02
5.1266e-02
5.4773e-02
5.0749e-02
4.9954e-02
5.0662e-02
5.0083e-02
4.8852e-02
5.2605e-02
5.2736e-02
5.0456e-02
4.7216e-02
4.8657e-02
4.8541e-02
4.5970e-02
4.5270e-02
4.7943e-02
4.3877e-02
4.7527e-02
4.4714e-02
4.3121e-02
4.6820e-02
4.4057e-02
4.1493e-02
4.1468e-02
4.1121e-02
4.7813e-02
4.4450e-02
4.3950e-02
4.2931e-02
3.9740e-02
