1.9759e-01
1.7906e-01
1.7319e-01
1.6735e-01
1.6198e-01
1.5722e-01
1.5133e-01
1.4941e-01
1.4976e-01
1.4412e-01
1.4579e-01
1.4138e-01
1.4122e-01
1.3816e-01
1.3394e-01
1.3494e-01
1.3567e-01
1.3115e-01
1.2464e-01
1.2488e-01
1.2480e-01
1.2623e-01
1.2432e-01
1.1973e-01
1.1956e-01
1.1820e-01
1.1591e-01
1.1288e-01
1.1235e-01
1.0819e-01
1.1022e-01
1.0710e-01
1.0541e-01
1.0160e-01
1.0023e-01
1.0441e-01
1.0306e-01
9.5611e-02
1.0273e-01
1.0007e-01
9.3378e-02
1.0012e-01
9.5664e-02
9.3715e-02
9.4813e-02
9.3649e-02
9.0036e-02
9.0027e-02
9.0786e-02
9.1019e-02
8.8746e-02
8.7528e-02
8.4262e-02
8.4615e-02
8.5753e-02
8.5059e-02
8.2161e-02
8.0570e-02
8.0971e-02
7.9341e-02
8.0338e-02
8.0992e-02
7.5143e-02
7.7739e-02
7.0521e-02
7.9931e-02
7.2258e-02
7.5267e-02
8.0921e-02
7.3409e-02
7.0932e-02
7.0685e-02
6.8419e-02
7.1179e-02
7.1147e-02
6.8305e-02
7.0082e-02
6.8399e-02
6.5886e-02
6.5554e-02
6.1922e-02
6.8104e-02
6.4731e-02
6.3509e-02
6.0305e-02
6.2962e-02
5.8315e-02
6.3208e-02
6.2554e-02
6.4431e-02
6.6840e-02
6.3224e-02
6.0945e-02
6.8176e-02
6.2684e-02
6.2530e-02
5.9548e-02
5.7993e-02
5.7678e-02
5.6363e-02
