2.1267e-01
1.8268e-01
1.7710e-01
1.6787e-01
1.6051e-01
1.5625e-01
1.5341e-01
1.4800e-01
1.4283e-01
1.3963e-01
1.3926e-01
1.2879e-01
1.2533e-01
1.2580e-01
1.2585e-01
1.1765e-01
1.1624e-01
1.1402e-01
1.0632e-01
1.1207e-01
1.0435e-01
1.0279e-01
9.9252e-02
9.5364e-02
9.3309e-02
9.2968e-02
9.0594e-02
9.0553e-02
8.5204e-02
8.1357e-02
8.1763e-02
8.1461e-02
7.9897e-02
7.6454e-02
7.9980e-02
7.8429e-02
7.1426e-02
7.0706e-02
7.0369e-02
6.7749e-02
6.6370e-02
6.3445e-02
6.6664e-02
6.1567e-02
6.0197e-02
6.1107e-02
6.1294e-02
6.0529e-02
5.8858e-02
5.9068e-02
5.8285e-02
5.6287e-02
5.0945e-02
5.5618e-02
5.8093e-02
5.4947e-02
5.3818e-02
5.3773e-02
4.7798e-02
4.9005e-02
5.1760e-02
4.6644e-02
5.2109e-02
5.4322e-02
4.6506e-02
4.7047e-02
4.8171e-02
4.4097e-02
4.6470e-02
4.4122e-02
4.2941e-02
4.1768e-02
4.7535e-02
4.5943e-02
3.9152e-02
4.4205e-02
4.0952e-02
4.4246e-02
3.6467e-02
3.8350e-02
4.1091e-02
3.7641e-02
3.4127e-02
3.8247e-02
4.1807e-02
3.8513e-02
4.9308e-02
4.1558e-02
3.6403e-02
3.6887e-02
3.3201e-02
3.6702e-02
3.2487e-02
3.4458e-02
3.3926e-02
3.7413e-02
3.2326e-02
3.6606e-02
3.4528e-02
3.9441e-02
