1.9190e-01
1.7124e-01
1.5790e-01
1.5213e-01
1.4710e-01
1.4145e-01
1.4143e-01
1.3477e-01
1.3298e-01
1.3037e-01
1.2802e-01
1.2579e-01
1.2430e-01
1.2589e-01
1.2088e-01
1.1992e-01
1.1671e-01
1.1362e-01
1.1277e-01
1.0961e-01
1.1050e-01
1.0473e-01
1.0122e-01
1.0435e-01
1.0126e-01
1.0015e-01
1.0271e-01
1.0132e-01
9.6605e-02
9.0177e-02
9.6204e-02
9.4628e-02
9.1120e-02
9.5070e-02
8.5852e-02
9.5544e-02
8.6276e-02
8.4877e-02
8.6972e-02
8.3841e-02
8.3971e-02
7.7651e-02
8.4197e-02
8.3766e-02
7.8614e-02
7.4033e-02
7.7270e-02
7.8190e-02
7.4186e-02
7.4243e-02
7.4713e-02
7.2758e-02
8.0072e-02
7.3235e-02
7.0395e-02
6.6168e-02
6.5442e-02
6.4752e-02
6.3695e-02
6.6383e-02
6.8132e-02
6.1358e-02
6.0371e-02
6.4017e-02
6.1417e-02
6.5874e-02
6.2211e-02
5.9331e-02
6.4433e-02
5.9235e-02
6.0174e-02
6.0687e-02
6.1131e-02
5.9302e-02
5.7857e-02
5.6046e-02
6.1273e-02
5.8161e-02
6.0077e-02
5.6198e-02
5.2920e-02
5.2134e-02
5.8868e-02
5.3711e-02
4.8627e-02
5.5406e-02
5.6967e-02
5.2761e-02
5.0683e-02
5.0809e-02
5.2558e-02
4.9016e-02
4.8915e-02
5.0887e-02
4.6317e-02
4.6567e-02
4.7085e-02
5.6322e-02
4.3891e-02
4.8635e-02
